555: 99119199919119111991119191999Ὓ9991199111999191991991 ,9111119 351

1911111919, 9919119911991 119999111999111191199 9919191999
3011111111111111μθ11111111111111111ω11111119191119911 9191911,19111191191·1 911199 99919
's‘ 011111111111110111191011919911111119191111191119191 1119199 9191111199
91111999919191199999,1999991199 91999999911919

111191111110101911111111·111119111111,,00999199999·919999119999111911

9199 9911991911981 ,11919 1119 9119991 99111199 9011999111 9199 9199
90111191111109999110 90111111091011000111111111011 1010

persolvenda Divina 1111111110 11119 1111111111, 011101 0001 01011
91911991911191199999199111110111111119 0110111009991119101991111

22 11199119999119119919191991191199111991199191111
1911199991 9191119991 1191999111191119191 91991919111111111 1110101,

9111191919199911999 1991111999 919191911911199111919991119191
»19999111111199199,91911191991919191191 9911191991119111119111911111111
docenti: »commonent 199 19999111999119919919199991911199119191991111
»11991111919119 gratia cantantes 919111919991911191111111911991119 man·
51155111551551151 111919, ,111111 ,1999191119 999919991111910)
1111111199119191991119111199991191911991999911199911191911911119119
1199991991991911919991111991011991999111919111191919191111911
1119991111 919991199991991111919919911191111199191991999 9119111
119119 11991191 1919 191999911119191191911991191999919
1191911111 1991991999 ’9199199111 1991911911111991191191999119111111 ,1111191119
eise etminorum festorum hora 191119 1111919191 1111111119 1111111111]
911111191991199191119199199191111111911911111199191111999111 911111110110

511111111111191119119911111911191911118111191 1191111111) 1919991111,11991
Dato campanarum signo 9991919991 19999 021011555555555 1190011

1111919199 19911119Ιί919 Μ191191911191119111111111111911111111119919191991
Ρ991119191999111111139111111111119 1111911119119911119119119191911911119119111111·
55555153515555 1991911199919919199119191199991199111911199 1919911991
01111191119,,11111911111111199999111199191011911911111111911111919911999911911119
⁰ Advenientem Archiepiscopum 1191191911111191911199919919111111111111
. 9119111111 9991119191] 91991 9919199199911119199119911111
1101191191111111119911111199111119191111111111109111111111111111911011119 11111 11111110
111119319111991911 1191919111)111919111111991119 9191911111 9919919 191 ,11111911 919
1999991999 9999911919199991199199191111119991911999
Absint colloquia, discursus, joci, risus, 9191999191 1191191119 ,1111111111
' 19111111, 19111191991199119911 1111991991911911191111119911119911119191 mente

9,,9199111911199 199111 999919991991111 199111 99 ,1119199199-
1111111111 5511555515 11919191 11911991919199 19 111119 199 1919111191

1911191111 9991111911 1119 9191919199 10155121‘115111

ζ’ 111 ,010 ’011Ι 555551555151211

’111111 11101919199999919191119999 911911911911,91111 9911111119

 

uod l

