011111111111111111111. Abyeordnetenhame v. 27. 1111. 1877. 383

111111,Ι 11 111111 andern 81111111111111, als 11111 111811111111
111-1111 1111111111 111111111111 81111811 1111 111111 ’.1111111111
111111 1111111111111811111111111 11111· 11111811111 11111 durch
1111 Bri-ssew, 11111111 11181111111 1111111111 1111111111 11111,
111111111111111111111111 . ' ·
- 1111, 111111 Horren, 111 11111111111111111 1111111111111-
11111111 111111811111111111111 111 111 Deekung dieses 111111-
1111111 1111111111 1111111, 1111 1111111 (11111111 111· 1111111
111111 1111111111 11 11111111111111, 111 111111111111 1111 1111-
1111111-11111111 111 Hert 11111111111111 1111 1111111111-
111111-111ψ, 111 111111 111111111111111 des katholisohen Volkes.
8111111111 kann 1111 1111111111 1111111111 11111181111111
11111 11111111 11111, wo 11111 111 1111111111 1111111111 1111, wo
111111 1111111 1111111 in 111-111111 111 1111 im Η1111· 11111111
1111 11111 1111111111 11111111 1111, 11 11111111811111111111111
111 81111111 81111111111111111111111 1111111111. Ν1111118111111-
111 1111111111 1111111111, 111 811111111 11111111111111111111-
111, 1111111811111, 111 111 111111111111111111111111111 ’111111-
111111 111111111111 (1111111111 11 1111 1111111 1111111, 111 11181·
111111111111 1111111111111 111Β1111111111 1111111181111111111111,
1111111 81111111 111111111111111111111 1111111111111111, 111
1111111111 gegen 111 0111111111, 1111111111111111Β11111111 11111,
1111811111, 1111111 11111, 11, 111111Η11111, 1111111 111 11111
etwas, 11111111111111111111111111 dem 111, was wir 11111 8111
111 1111111111 11111111111111111111111 11111 111 111111 1111111, 11
111 81111 11111 11111111 11111111 111, 11111111 1111111111 11111
111111 11111111 111111111, 1111 11111111 111111111111111 (1111111
1111111 11111111- 11111 111111111 111 111 (1111111111111, 111111
11111111111111111111111111111111, 1111111111 1111111111 1111111 -
1111111111111111111 1111111111 λ1111 1111111 811 111111 schwer-
11111111111111111111. - ’
Nun, 111111 Η11111, noch· 11111111111111111111. 1111 11111111-
11111111Ρ11111 1111111111 11111111 111, 111111111, 111111Η11111,
dass 11111111111111111 1111111111 11 11111111111111111. (811111
[111111 111 Centrum.) 8111111 1111 8111111111111 gelungen: 111
1111181111111111 11 1111111111111111111111111111 wir 111111 36
11111111111111111111 111111111111111 111111, 111 wir 1111111111,
11111’.1111111111 1111111111 111111111111111 111111, 111 111111 11111
11111111111·- 111111 11111 1111111111 11111 1111111111 im 111111-
1111111111111111111111111, 111 111 1111111 1111111 - 1111111111-
111111111 11111. Das 11111181111111111, 1111111111111111111111

 

