111111111111111111111111111111111111111111113111 ,

11111111 11111111111111111111111111111111111111111111111111111111
zum Jahre 1814 gebracht 1111, 111111 Artikel, worin 111 1111111111θί1
11111111ῃὸ11111111111111111111111111111111111111 11111111111111111
11111111111111111111]111111111111111111’11111111111111
(1111111 1111111111 1111011111 1111111,111111111 1111111 11111111) 111111 1111
,1111111111111111111111111111111811111111111111111111111111111111111
101111111111111111111111111111111111111111111111111 ffie 111ω111111111 11άὺ1111111111
111111 1111111111111111111111111111 111111111111111111111111111111111111111111
1111111111111111111111111111111111111111111111 11111811111111111 11111
1111111111 11111111111111111111111 1111 JJJJJJJJJenJ RJJJiJJJhJJ'JJJgJeJJJ
111111111111111111111111 (1111111111111111111 1111111111 (1111111111
1111111111111 11111111111,,111111111111·111111111111111111111111
1111111111]’11111111111111111111111111111111111 1111111111111111111111111111
1111111111 1111 111111111111111 11111 1111111111111111111 11111111
(11111 ’1111111111111111 111111111111111 111111111111111111 11111111111111111
11111111 [1111111111 1111111111111111111111111111111111111111111111111
ino Γ11111111111111111111 ·111111111 11111111 1111111111 11111111 11111111111111111111111
11111111111111111111111111111111111111111111111111111111111111 -
11111111111111111111 1111 11111111 11111 111 1111111111111111111 ,
11111111111111(11111111111111111111111111111 1111111111111 1111111111111111·
11111111111111111111111111111111111111111111111111111 111111111111111
11111111111111111111111 1111111111111111111111111111111111111111
1111111111111111111111’1111111 1111111111111111111111111111111111111
111111 1111111111 1111 111111111111111111111111 1111111111 1111111111
»1111111111 1111111111,111111.1111111111111111111111 11111111 11· 11111
··1’· 1111111111111111111111111111111111 11111111111111111111111111111
1111111111111111111111 1111111111111111111111111111111111
111111 1111 11111111 111111111111111111 1111111111 1111111111111)
111111111111111111111111111111 111111111111111111111111111111111111
11111 1111111 111111111111111111111111111111111111111111111111111
111111111111111 11111111111111 Es 111 Ihnen von 11111 1111111111
111111 ’1111111111 1111111111 11111111111111111111111111111111111111
Μ1111111111111, von den 11111111111111111111111111, dass 1111111111111111

1111111111 111111111111111111111 11111111111111111111111111111111111 y ,

8111111111 111111111111111111111111111111111 1111111111Μ111111111111111111111111
111111 1111111111111111111 1111111111111111118111111111 11111111111111111
11111111111111111111111111111111111, 11111111111111111111111111111.
1111111111 111. 111111111111111111111111111 111111111111111111111111111
11111111 1111111111111111111111111 1111111111 11111111111111111111111
111111111111111111111111 11111111 11111111 111111111111111111111111111111
1111111111111111111111111, 1111111111111111111·111111111111111111

 

