3ῧᾶ 333113 3331313311 333333333333313331333 3333333331 31333311

,33133133333333313313331133333133333333333333 1333331 1313 me·
3331313333311313 3331331333, 3311133· ,33333131333311313133311333333
,1331333333 33133333 ,3333333333 3333333 t515551151 ,31131133 5151

3333333331 3333333 ,1333333133 131333 3333333133 1331133 3333133133131131333
015555515'55155 1331113313313113131 311131 1331313111 ,3331331331 3113333(
11111 13311 1333333333, utriusque. 333333333333131331131311331133 ³
333 33133 13133311311311313333311333 133133333133333313333331133 ·

333333, Β) juxtas» »111111131131133333111333331 131333333333331 §5551qu
3111331313313,1 1133131313 1151555 11311333333133 555'15551111515555551 31333313

’ 551555115151555 ,313333333333331333133133333333131331313

in lectione 51 13331133ᾶί3 1333313 1151115110555151555151115515515151551
555555555555111155155 1111131331331131133311 1111311 ἵ
11·11·11 31313333313333111111113311111133,333131333131111113 ¹
333333· 333131 11311 1333313133 3331333133. Β3 3133333113 1511115151151
555 3313333333 5155» 1113331131 1111313333 515555155115151111115505151115
33313 5555 1131313333133333131 33131 33313 13313, 3313333113, 3113311331
3133333313 3331331111 Β) 3313313333 555551115551511115. 1133131331 5551
31 his similia procurent ur; E) mundit' 1151 1333333313 33333331, 511555555555
,3133133313 3333333133 333333333313133333313313331313313331311
31311113 515555555· 1313113113, 51155555515115511 55555111555
113110 ¹¹1j¹¹¹= ,5:¹151i111 ,;·3.’-1,,13 ,13333 1131111. ’3333313133Ι
ΜΒ. omia& 1551 1311133333 3331131111 311,1111311111131333,3 ,3,,,1,,1,·
3331333333333331333333331111333333313311133111313 31113131 11r
1551551 311113113111313331133133133 ..3313331333 13331, 3333113313331113333331,
3333333 Μ331331313, 133, 3311111331. 1133. 3313111331 1113111111 5555555115
’3131133133 55 3333311333 155555115115111011115 5115551111 331331, 3111333133,
3133· 3331333333, 31313 1113333133133133311311331113313311333111111
3313311331 ’,3333133313 5555555515 3113 31331113, 3311111131 555511551'115
,3313131 1313113 3313311133 1133333133· ,8333131111 11111 131133 055 3113 55515151 5555·
1551555515111555555515 33313331,1111333ῑ31111333111333,131111 3311311113
33111133 33313333333333333331313131313111131111113333131113111131111131
13133333311333333313331333311133133 3331331133313111333113333113131311
55555111-155111155 155555111115515115 515555115 31133133113111311113·
3313331133 11331. 1333 555155155115 1155111 1131111313. 011515511551
1,,,311313333133111313313,,3313333 3331311,311333333131133111331311311
,13131111 555515111515 1131111333 33331331131111113 1313113331] &15155111-
555515511111155555555251111: 33. 1, 31313333.
Β) omni anno pro 3331113133 fundaiorib112¹11111551¹5511„5155
&5555155151151151111111515 113313313113113331313113331113111313111111

5555515111511115555155511515155151111555151551551555
squm'k 555555555555 1551151121· ..1331133 11:51 113313, 55151'51 133

 

