111 5115155111 ”ww “mmm m 11
51155555 1155511555. Metropol. 511115151155111155515 511555

5555111, 5555 5555551515115· 55555115 55551555555555555115555 555 5555115115 555515 51115 55551555
515 1555555555 1151151515
155515555155555155555555555115555555555515115555 55-
11111515 11111151515555155111555155111555511155515155555155551155
1111111115111111111111 1151555151 155555151515111555551555515515
155 515555155511555555 1515 5555555555 555511555555 55
1111515115 115111111155515115511551,11511551555151 5555555151
11111515111515151151555111155155551555155555555555551
notatione, oum omnimo QtQQQQQ'QnQQQQQQ‘ QQ, QQ 5555555555
1-1111111115111115151515551555151555555515555551 5555555555-
1115511111111115115551111115811115111111111551111111 111 5155515515111511551
11111111111151151515555555151551555515551155515515515555555 ·
utque (1555115555 ambo (115051 11111555185111151515551155115551155551515155555511
11119111111111111111111115115511111111111111115’115555515515155551115555551
55511111111111111111,5111151111111111111
11111151555155151515555555515155551551555155155551-1
11115111111151111111111115511151111111110115111111115111.111115511111111511111511111111111
11151551511551515515515155 5555151551515515511151551515555515551
1115111551 115115 51151155555551515555555115555515 1115151155
115515111151111 511555151155515111151515511555551 5555515155 155551· ·
1111151111 1155115111 515 5111111155151 5515155151 1155155511 5555155111· 1. j
··1555 1511111151 1111111115 1111111111 1111 11111111155111111111111 11151111151111118 333.
5111151151111111511155 1115 15511 55555155 51 11551555 5555511 1511555
1515 515111111111151151551155115515 5151115 55, 1555151 1555515 1115555 qum
11111 1511111111 11111 5155515115555 1 551 1555515551 1155551555 111551·Ι
111111 1151111551 303 5151555 51151511 5555515 515555 (1555515555 5111555555 55551·
&Q 1511555515 115115511155151551551555551555111551551551 551·
Ψ 1[55511155551151555115 1155555111 5 5555551511 5555 5551551 5555555555 5155555Ι
1111111115 1551 5515111155 551 15,
55551 555 55551555 15551555555115515 5555551155 11115 55551115
5511111115555511115511115111511111111111151115111
-1115 11)·5555151155151155555551155551555555115555515551 11..
Β) diebus 15515151555155555555 51511151 5555555555 5555515
111111151551515 51511155 55515555 511155 ..1551 151511551155551511155555115 .
111111111151555151555515551 55555111 555551 55555551 5155151 »5115111111 1555555·

11151. 3 1515555555 1555551555155151555555 15511555 5551 1555515
11555151 5115555 matut mum excipiunt sese eum lectas Missa. 1111111555

55 511551, 35. 55555511551555555115515155 551111511151551555
1) 1151515551. Sess. 24. cap. 12. de reform.

 

