Ι ’ 111 1111111111111111111111111111111111111111111111111.

199 811111111111111111111111111311111111111111] ssulfissfflgflssdfflroifflnfl
111111ίῇ 11111ωῆ1111] ffiffi99199'g99999'119i9999'9991999 1111111 11111 ,11118
11111 3011111111 111011011111111111111111111111111111111111 11111111,
11111111 11111111ῐῆ111 099999999999999 999'9399999999 11111 9999
. 1111111111ῐῆ11ῡάΐᾶ11111111111111111111111111111111101111111111ω11
9999919999991099999999 mmwywssatsthsswfflmunff 111
11111111111111111111111111111111111111111111111111111111111
11111111111111111111111 111111111111111(11111111111111311111111111111ω11111ὴ1
· 1111 1111111111 1111111111111111111111111111111111111111111111
11111111φί111 99991199999999999999999 1111111111 99991993999
selbststandigen 111111111111111111111111111111111111 111111 OEfflfflgffl
111111111111111111111111111111ιιῃζ111111111111118 111111111111 1111

99999999999909999999999399919999999999999999999199999099
9999 9993991999999919 9999999999999999999999999999099999999
99199999999999919199'239999999 999999999999999999999991999999999
990999999999999991 111111111111111111111111111111111
111111111111111111111111111111111111111111111111111111ιᾶ
11111111111111111111111111111111111111111111111111111111111111 ’
1111111111 99 9999999 1111111111111111111111 111111111111111111
1111111111 1111111111 1111 11111111ἣῴ111 ‹199999'99 111 1111111111111111
11111111111111111111111111111111111111111111111111118111111111111111
1111111 11111111ῇ11111111111111111111111011111 9999999999 1111οΜ
99990999919999999999999999999999999 1111 99919999999991892

1111111 111 staats ²) und 99999999999999999099999999999 (111111
1111 11111111111111111111111111111111111111111 1111111111, 1111
111118111111111111111111111111111111111111111111 999999999919999999
1111111111111111111111111111111 &9099999999911999 111111 999999999
999999991999999999999999999999999999091999992999 9999992999991999
1111111111 111111111111111111111111111111 1111111111
999999999199999999991999999999999999999999990999999999999999
99999199919999999999999919999929999999911999999909999999
1111111111 11111 11111111111111111111111111111111111
1111111111 9999999999'9999999199999999999099999999999999999999
999999999999999999 99999999999 1111111111 111111 111 11111111
-1111111111111111111111111111111111111111111111111111111111111

’ 11111111111111111111 11111111111111111 11111111111111311111111111111111
1111111111111111111111ἲ1ῐ1θ111111111111111101111311311111111111

111Μ100011

’11111111ω11ῄ111119111111111111111 111111 111111 99 1111111111 1111 1111111
1111 111111 99999'9, 999999999999999999 999999919911990999999 1111111111 1111

 

