' 1111111111111111 W 1111111111) WWWWWWWWWWWWWW 111 W WWW 1111111.) Ι

1111) 11))111)1))111111111111111)1111)111111111111111 1111111111111111111
1111111) 1111111 WWWW 11111 11111111111111111111 W 1111111111)
1111111111) 1111111111111111111111111111) 1111111111) 1111))11111111111111111111) -
11111111) 1111111111111111111111111111) 1111111111 1111111111111111
.. WWWWWW 11111111111111111111111111111111111 hWWmWM
WWWWWWWWTWWWW WWWWWWWWWWWWWWWWWW
1111111111111111111111 WWWWW 1111111111111111111111111111111111111111
111111) 11111111311111111 Auseianderstungen 1111111111 111 (11111 1111111.)
WWWWWWWWWWWWWeiWWWWWeWWWWWWWWWWW-
11111111 WWWWWWWWW 111111 1111111111) 111111111111111111)
1111111111)11111111111111111111))1111111111111111111111111111)1111111111,
1111111111)(11111111111111111111111111111111111,111111111111111111111111111111) 11111111
11111,)1111)1)11111111)1111111111111111111111, W'W WWWWWW 11111111)
ωέ911111111111111111111111 W 11111111 1111111111 111111111111111111 [1111111111ῡᾶ
ΙΜῶν)))11111 1111111111) 11111 1111111111) 11111111 111111) WWWWWW
1111111111)1111111111)1111111111))))1,)1)1111111 1111111111 1111111)
gW'WW 1111))11111)))1111))1111111111111),111111111111111111111111
Ι 1111111111111111)1111111111) 1))111 1.·11111111111111111111111
11111 1111111111) 111111111Η1111111 111111111111111111111111111111111111
111111111111111111111111111111111 111111111111111111111111 111111
111111111111111111111111111111111), 11111111111111111111111111111
1111111)1111111111111111111)111111111111ν111111111111111111111111111. 1111111111
WWWWWWWWWWW 1111111111111111111111111111111111111111 ·
W-WWWW) 1111111111)11)111111·)111111 1111 1111))1111111111 111111 1111111)
1111111111 11111111, 1111 1111111111111111111111111 11111111 1111111111 1111)) ,
“ 111111) 111111111111111111111111111111111111111)11111111111111111 ἵ
3111111111 1111111111)ῠῇ -.·1))1)111)11)) 1111111111) 11111111 811) 111111 1111111111111111)
1111 1111111111) 1111111)111111111111111·11111111 11111111111111111111111111111111111 1
1111111111)111111)))11111111111111111)1111111111111111111 1111)) 1111 1111111111) Ige'gWWW
1111111111 111111 tW=W÷†11WW 1111111111) 111 111111111111111) 1111111111
11111111111)11111111111111111111)1111111111111111111111111111111111111111)Ὶ
111111111111111111)11111111111111111111)11111111111111111111111111111
1111))111111111111111111111111 1111111111 1111111111) 11111111 1111111 11111 tW‘WWWW 1
111111111111111(11111111111111111111111) 11111111111111. 1111111 11111111
WWWWWWWWWWWWWW 1111111) )111111111111)11111111111111111111101-
lagWWWWW'W WWWWWWWWWWWW 11111111111111111111111 ’
1111111111111111 WWWWWWWWWWWWWWW WW WWWWW (1111111111)

1111))1111111111) W 2¹me 1111111111) W 11111111 ‚WWWWWWWWWW ’

mWWWWW 1111111 WWWWW WWWWWW 11111111111111111111111

1111111111111111111 111111111111111111111111,)11111111111 11111 11111 1111
was daun 111) 1111111111) 1111111111 des WWWHWW'WWIWWWW

 

